Session,Channel,total_distance,total_duration,total_avg_speed,total_peak_speed,marathon_flights,long_flights,medium_flights,short_flights,skip_flights,trial_length
1,A,2.64,9.954853058,0.265197285,0.559827759,0,0,0,0,1,14399.98769
1,B,6883.36,10541.8697,0.652954381,1.45786093,0,1,3,17,3,14399.98769
1,C,0,0,NA,#NAME?,0,0,0,0,0,14399.98769
1,D,1170.4,2105.570596,0.555858826,1.405335618,0,0,1,8,14,14399.98769
1,E,1475.76,3081.256603,0.478947452,1.223734874,0,0,0,12,59,14399.98769
1,F,0,0,NA,#NAME?,0,0,0,0,0,14399.98769
1,G,0,0,NA,#NAME?,0,0,0,0,0,14399.98769
2,A,2060.96,4716.905722,0.436930505,1.161851212,0,0,1,14,18,14399.98968
2,B,2316.16,2622.277796,0.883262637,2.999410453,0,0,2,6,1,14399.98968
2,C,0,0,NA,#NAME?,0,0,0,0,0,14399.98968
2,D,243.76,757.0751736,0.321975952,1.195291591,0,0,0,3,10,14399.98968
2,E,645.04,1154.032783,0.55894426,1.6803896,0,0,1,3,3,14399.98968
2,F,0,0,NA,#NAME?,0,0,0,0,0,14399.98968
2,G,0,0,NA,#NAME?,0,0,0,0,0,14399.98968
3,A,1611.28,6326.892189,0.254671638,2.479341008,0,0,0,40,46,14399.99007
3,B,327.36,894.7774789,0.365856325,1.165376156,0,0,0,4,13,14399.99007
3,C,0,0,NA,#NAME?,0,0,0,0,0,14399.99007
3,D,10313.6,13489.00562,0.764593054,2.759251688,1,0,1,15,12,14399.99007
3,E,86.24,319.3871732,0.270017105,2.99452167,0,0,0,3,1,14399.99007
3,F,0,0,NA,#NAME?,0,0,0,0,0,14399.99007
3,G,0,0,NA,#NAME?,0,0,0,0,0,14399.99007
4,A,671.44,3164.776079,0.21216035,2.912701917,0,0,0,12,66,14399.99873
4,B,146.08,541.1321266,0.269952555,1.677018015,0,0,0,3,13,14399.99873
4,C,0,0,NA,#NAME?,0,0,0,0,0,14399.99873
4,D,2.64,6.189246893,0.426546242,0.60672923,0,0,0,0,1,14399.99873
4,E,0,0,NA,#NAME?,0,0,0,0,0,14399.99873
4,F,0,0,NA,#NAME?,0,0,0,0,0,14399.99873
4,G,0,0,NA,#NAME?,0,0,0,0,0,14399.99873
5,A,4.4,7.04906106,0.624196608,2.105675199,0,0,0,0,1,8703.029483
5,B,21.12,18.57618499,1.136939582,1.230366494,0,0,0,0,1,8703.029483
5,C,1119.36,1690.459984,0.662162968,2.480452356,0,0,2,0,1,8703.029483
5,D,1365.76,1926.839155,0.708808515,2.638451265,0,0,1,0,0,8703.029483
5,E,214.72,534.3110614,0.401863288,2.964920097,0,0,0,1,10,8703.029483
5,F,1117.6,1151.868006,0.970250058,2.990462669,0,0,0,4,10,8703.029483
5,G,1408.88,1974.799694,0.713429319,2.996641672,0,0,1,1,0,8703.029483
6,A,1314.72,4133.396154,0.318072585,0.873718805,0,0,0,14,133,14398.90109
6,B,4886.64,7476.00062,0.653643605,1.504000639,0,0,3,25,44,14398.90109
6,C,2949.76,5393.563291,0.546903752,1.618697275,0,0,2,18,17,14398.90109
6,D,3354.56,4303.331303,0.779526317,1.908124118,0,0,3,4,11,14398.90109
6,E,388.96,642.6190698,0.605273043,1.232360103,0,0,0,1,10,14398.90109
6,F,1349.04,3193.482564,0.422435374,1.204596581,0,0,1,3,103,14398.90109
6,G,14993.44,13900.9026,1.078594709,2.201694983,0,1,4,7,2,14398.90109
7,A,903.76,1692.284159,0.534047427,1.177077782,0,0,1,3,0,14399.99063
7,B,9644.8,13961.5056,0.690813747,1.898732315,1,0,3,0,1,14399.99063
7,C,6033.28,12958.90776,0.465570101,1.672762619,0,0,7,28,15,14399.99063
7,D,126.72,260.9449377,0.485619691,1.20538848,0,0,0,2,7,14399.99063
7,E,0,0,NA,#NAME?,0,0,0,0,0,14399.99063
7,F,3749.68,7811.980387,0.479990964,1.491568435,0,0,2,24,62,14399.99063
7,G,10554.72,14048.64105,0.75129829,2.96249515,0,1,7,1,4,14399.99063
8,A,36.08,240.0331678,0.15031256,0.47655044,0,0,0,0,8,14399.99349
8,B,8991.84,14269.27378,0.630154003,1.430689625,1,0,2,2,1,14399.99349
8,C,6030.64,12384.26407,0.486959901,1.338691813,0,0,2,53,26,14399.99349
8,D,66,96.14864063,0.686437162,1.360901804,0,0,0,0,5,14399.99349
8,E,1194.16,3811.054647,0.313341086,1.236036779,0,0,0,18,23,14399.99349
8,F,610.72,913.682173,0.668416237,1.753313313,0,0,0,5,12,14399.99349
8,G,11088.88,13586.74264,0.816154416,1.972646616,0,1,4,0,1,14399.99349
9,A,0,0,NA,#NAME?,0,0,0,0,0,14358.02017
9,B,357.28,507.2868254,0.704295838,1.360569207,0,0,0,2,5,14358.02017
9,C,6.16,35.80899119,0.172023835,0.389157526,0,0,0,0,1,14358.02017
9,D,0,0,NA,#NAME?,0,0,0,0,0,14358.02017
9,E,2211.44,6680.487799,0.331029719,1.307226326,0,0,3,10,39,14358.02017
9,F,103.84,352.6110439,0.294488791,2.212128643,0,0,0,2,7,14358.02017
9,G,11.44,21.33569884,0.536190545,1.100984094,0,0,0,0,2,14358.02017
10,A,0,0,NA,#NAME?,0,0,0,0,0,14399.93318
10,B,6603.52,12150.12372,0.543494054,1.154470459,0,1,3,2,0,14399.93318
10,C,161.92,546.2710052,0.296409655,1.202852808,0,0,0,3,2,14399.93318
10,D,9.68,19.30385399,0.501454269,1.027073973,0,0,0,0,1,14399.93318
10,E,4.4,10.46324301,0.420519718,0.487120627,0,0,0,0,1,14399.93318
10,F,339.68,1125.870908,0.301704216,1.047718776,0,0,0,7,14,14399.93318
10,G,2.64,4.379168034,0.602854236,0.50170323,0,0,0,0,1,14399.93318
11,A,0,0,NA,#NAME?,0,0,0,0,0,11203.84677
11,B,435.6,1120.015294,0.38892326,1.250085525,0,0,0,5,22,11203.84677
11,C,249.04,904.6940269,0.275275389,1.125970476,0,0,0,4,8,11203.84677
11,D,96.8,222.6174669,0.434826617,1.108614066,0,0,0,2,3,11203.84677
11,E,30.8,90.87823224,0.338915043,1.015789657,0,0,0,0,3,11203.84677
11,F,471.68,984.6777294,0.479019669,1.488842926,0,0,0,4,9,11203.84677
11,G,5.28,6.437180996,0.820234821,0.879133297,0,0,0,0,1,11203.84677
12,A,271.92,789.3350861,0.344492478,1.10584859,0,0,0,2,15,13955.3858
12,B,1942.16,5344.642211,0.363384474,2.007427955,0,0,0,31,52,13955.3858
12,C,0,0,NA,#NAME?,0,0,0,0,0,13955.3858
12,D,0,0,NA,#NAME?,0,0,0,0,0,13955.3858
12,E,2.64,6.460471869,0.408638882,0.578393327,0,0,0,0,1,13955.3858
12,F,703.12,1448.636178,0.485366865,1.108875183,0,0,1,3,0,13955.3858
12,G,0,0,NA,#NAME?,0,0,0,0,0,13955.3858
13,A,110.88,227.3548181,0.487695844,1.527319506,0,0,0,1,2,14399.98794
13,B,1307.68,1927.158274,0.678553504,1.369858382,0,0,0,12,4,14399.98794
13,C,986.48,2984.559224,0.330527869,1.332352272,0,0,0,10,8,14399.98794
13,D,7.04,33.71424603,0.208813805,0.299952282,0,0,0,0,1,14399.98794
13,E,463.76,1144.652455,0.405153545,1.242922045,0,0,0,8,11,14399.98794
13,F,0,0,NA,#NAME?,0,0,0,0,0,14399.98794
13,G,321.2,983.6934676,0.326524482,0.8687479,0,0,0,4,4,14399.98794
14,A,1529.44,2749.483619,0.556264452,1.658252957,0,0,0,14,45,14399.98205
14,B,743.6,1628.624677,0.456581563,1.094971368,0,0,0,10,15,14399.98205
14,C,4547.84,10578.5648,0.42991087,1.362130259,0,0,3,32,41,14399.98205
14,D,174.24,468.65219,0.371789578,1.22197777,0,0,0,2,6,14399.98205
14,E,138.16,260.4454968,0.530475672,1.05912695,0,0,0,2,3,14399.98205
14,F,170.72,422.9469657,0.403643988,1.593744314,0,0,0,0,21,14399.98205
14,G,28.16,72.54440904,0.38817602,0.958955605,0,0,0,1,0,14399.98205
15,A,713.68,1177.864231,0.605910241,1.813610488,0,0,1,3,0,14399.99573
15,B,3297.36,7192.872326,0.458420482,1.731459004,0,0,1,32,41,14399.99573
15,C,411.84,467.1505249,0.881600208,1.474271467,0,0,0,2,1,14399.99573
15,D,3136.32,8646.746558,0.362716772,1.422275162,0,0,2,39,30,14399.99573
15,E,237.6,387.3842468,0.613344507,1.676136128,0,0,0,2,6,14399.99573
15,F,4894.56,11966.66313,0.409016277,1.212779446,0,0,1,46,14,14399.99573
15,G,982.96,1252.187456,0.784994287,1.664497921,0,0,0,4,3,14399.99573
16,A,12162.48,13751.04628,0.884476697,1.915409064,1,0,3,1,1,14394.37635
16,B,8772.72,11438.28678,0.766961011,1.932380344,0,1,4,2,5,14394.37635
16,C,512.16,857.1920519,0.597485708,1.268437257,0,0,1,0,1,14394.37635
16,D,465.52,621.5160136,0.74900725,1.789854348,0,0,0,4,6,14394.37635
16,E,5733.2,8555.578689,0.670112474,1.725135378,0,0,1,34,12,14394.37635
16,F,286.88,740.9569471,0.387174992,0.881996861,0,0,0,4,1,14394.37635
16,G,0,0,NA,#NAME?,0,0,0,0,0,14394.37635
17,A,3109.04,6779.69348,0.458581204,1.253971979,0,0,4,11,7,14399.99762
17,B,3864.08,12281.06768,0.314637139,2.276943888,0,0,6,24,21,14399.99762
17,C,520.08,1287.047439,0.404087669,1.282998842,0,0,1,2,10,14399.99762
17,D,33.44,80.21556091,0.416876721,0.644105424,0,0,0,1,0,14399.99762
17,E,256.96,376.261776,0.682928792,1.439810012,0,0,0,2,0,14399.99762
17,F,7139.44,13193.14177,0.541147827,1.725006377,0,0,7,7,15,14399.99762
17,G,0,0,NA,#NAME?,0,0,0,0,0,14399.99762
18,A,7678,12470.92826,0.615671892,1.720006394,0,1,6,7,0,14399.99413
18,B,5789.52,9402.637356,0.615733627,2.59428659,0,0,7,13,4,14399.99413
18,C,1818.08,4239.920854,0.428800457,1.477928507,0,0,1,12,10,14399.99413
18,D,4257.44,8449.595803,0.503863155,1.766330366,0,0,3,32,33,14399.99413
18,E,26.4,70.66178823,0.373610698,1.476564518,0,0,0,0,5,14399.99413
18,F,10.56,40.50226712,0.260726146,0.775058024,0,0,0,0,2,14399.99413
18,G,3004.32,3156.97191,0.951646098,2.411366794,0,0,1,9,4,14399.99413
19,A,965.36,985.7422831,0.979322909,1.877902603,0,0,1,1,1,14399.99859
19,B,1181.84,2042.642221,0.578583948,2.966888671,0,0,0,10,3,14399.99859
19,C,8162.88,12036.10828,0.678199283,1.981420175,0,0,8,11,7,14399.99859
19,D,6142.4,7106.012681,0.864394742,1.957109682,0,0,4,8,2,14399.99859
19,E,0,0,NA,#NAME?,0,0,0,0,0,14399.99859
19,F,528.88,1242.993427,0.425488976,1.213754945,0,0,1,2,2,14399.99859
19,G,1817.2,4284.439457,0.424139498,1.27610387,0,0,3,8,6,14399.99859
20,A,679.36,1194.607606,0.568688828,1.218318583,0,0,0,5,2,14399.98326
20,B,4560.16,10593.86274,0.430453,2.966159088,0,0,4,29,21,14399.98326
20,C,9049.04,12380.02138,0.730938964,1.945585372,0,0,5,11,11,14399.98326
20,D,4.4,29.36474681,0.149839535,0.421119712,0,0,0,0,1,14399.98326
20,E,1253.12,2788.749637,0.449348333,1.174244515,0,0,1,6,16,14399.98326
20,F,1632.4,2300.383807,0.709620714,1.340793094,0,0,2,1,0,14399.98326
20,G,1922.8,2175.387049,0.883888686,1.862186399,0,0,1,3,1,14399.98326
21,A,7546,12765.38038,0.591130054,1.732181383,0,0,6,25,9,14399.97884
21,B,51.04,142.2795596,0.358730377,2.066300721,0,0,0,0,9,14399.97884
21,C,8655.68,12881.41849,0.671950842,2.018339291,1,0,3,6,3,14399.97884
21,D,242.88,425.0838232,0.571369661,1.792567314,0,0,0,2,4,14399.97884
21,E,41.36,53.94480801,0.76670956,1.596704799,0,0,0,0,2,14399.97884
21,F,330.88,529.3854251,0.625026652,1.528502261,0,0,0,3,12,14399.97884
21,G,630.96,1063.835945,0.593098967,1.264545672,0,0,0,3,1,14399.97884
22,A,336.16,836.4956591,0.401866999,1.184794366,0,0,1,0,1,14399.97864
22,B,1669.36,3768.549511,0.442971492,1.200174001,0,0,0,19,12,14399.97864
22,C,19.36,51.63028097,0.374973749,0.883106017,0,0,0,0,1,14399.97864
22,D,217.36,422.7106333,0.514205186,1.059086227,0,0,0,2,0,14399.97864
22,E,56.32,152.7133,0.368795645,1.593620454,0,0,0,1,4,14399.97864
22,F,118.8,360.2418671,0.329778437,1.188956269,0,0,0,2,2,14399.97864
22,G,8070.48,11870.41856,0.67988167,1.87171461,0,0,6,6,0,14399.97864
23,A,411.84,1367.090479,0.301252921,0.967191252,0,0,0,8,5,14399.98775
23,B,3282.4,10775.61632,0.304613667,1.544813565,0,0,2,37,32,14399.98775
23,C,20.24,99.44646049,0.2035266,0.602548624,0,0,0,0,4,14399.98775
23,D,1242.56,1663.63243,0.746895755,1.879654603,0,0,1,3,1,14399.98775
23,E,4678.96,10106.29156,0.462974967,1.517272764,0,0,3,28,18,14399.98775
23,F,7720.24,13967.10323,0.552744537,1.570357673,0,0,7,9,6,14399.98775
23,G,9542.72,11975.79527,0.796833929,2.304405807,0,0,6,7,2,14399.98775
24,A,0,0,NA,#NAME?,0,0,0,0,0,14399.99524
24,B,11794.64,12531.71548,0.941183194,2.827892198,0,0,6,20,5,14399.99524
24,C,1313.84,1954.204123,0.672314619,2.350784258,0,0,1,4,17,14399.99524
24,D,828.96,866.0324781,0.957192739,2.300087692,0,0,0,2,10,14399.99524
24,E,8.8,20.64643431,0.426223718,0.607694102,0,0,0,0,3,14399.99524
24,F,526.24,1073.697395,0.490119472,1.379273725,0,0,0,4,13,14399.99524
24,G,3006.96,3842.667059,0.782519004,2.120226327,0,0,1,13,31,14399.99524
26,A,2038.08,2554.714309,0.797772179,2.295504453,0,0,2,1,7,14399.99677
26,B,4356,11603.27148,0.375411366,2.977006175,0,0,3,41,22,14399.99677
26,C,6043.84,9869.701679,0.612362987,1.433481726,0,0,6,4,10,14399.99677
26,D,426.8,771.5635068,0.553162502,1.243089068,0,0,0,4,2,14399.99677
26,E,180.4,427.103775,0.422379783,0.992789681,0,0,0,1,6,14399.99677
26,F,6221.6,11167.76807,0.55710326,1.808950251,0,0,4,28,13,14399.99677
26,G,0,0,NA,#NAME?,0,0,0,0,0,14399.99677
27,A,526.24,686.0360634,0.767073377,1.546540518,0,0,0,3,3,14399.58746
27,B,7882.16,12989.22836,0.606822806,1.652792974,0,2,1,4,3,14399.58746
27,C,7222.16,12684.73501,0.569358366,1.391686922,0,1,6,2,5,14399.58746
27,D,299.2,878.6653805,0.340516432,0.733450612,0,0,0,4,7,14399.58746
27,E,608.08,1735.894829,0.35029772,1.090792457,0,0,0,5,1,14399.58746
27,F,3995.2,4768.433509,0.837843286,1.676001413,0,1,0,0,0,14399.58746
27,G,6295.52,8177.542838,0.769854726,1.881077156,0,1,0,7,7,14399.58746
28,A,2628.56,5300.735594,0.495885892,1.660083216,0,0,3,12,14,14399.99537
28,B,103.84,525.1610348,0.197729826,1.16321185,0,0,0,4,8,14399.99537
28,C,6720.56,10336.20611,0.650196013,1.679427746,0,0,5,10,11,14399.99537
28,D,2603.92,6476.930089,0.402029969,2.192818699,0,0,1,27,34,14399.99537
28,E,14.08,74.59981275,0.18874042,0.387468193,0,0,0,0,3,14399.99537
28,F,3321.12,8098.184934,0.410106712,1.55093675,0,0,4,11,49,14399.99537
28,G,193.6,344.5650339,0.561867807,1.07183357,0,0,0,1,0,14399.99537
29,A,3062.4,5554.131146,0.551373369,1.710252151,0,0,3,11,7,14398.99197
29,B,1792.56,2883.231954,0.62171897,1.501927169,0,0,2,3,8,14398.99197
29,C,2825.68,8431.845119,0.335120008,2.059871831,0,0,5,17,21,14398.99197
29,D,0,0,NA,#NAME?,0,0,0,0,0,14398.99197
29,E,493.68,1704.63061,0.289611132,1.11455715,0,0,0,11,25,14398.99197
29,F,0,0,NA,#NAME?,0,0,0,0,0,14398.99197
29,G,3622.08,7466.512398,0.485110023,1.913005642,0,0,3,22,27,14398.99197
30,A,2361.04,5880.044661,0.401534365,1.72738712,0,0,2,20,21,14399.99717
30,B,4858.48,6421.318203,0.756617231,2.945388843,0,0,3,14,36,14399.99717
30,C,5514.96,12191.19026,0.452372564,1.77335373,0,0,5,20,14,14399.99717
30,D,0,0,NA,#NAME?,0,0,0,0,0,14399.99717
30,E,8915.28,10745.74207,0.829656988,1.891557924,0,0,5,8,16,14399.99717
30,F,4838.24,10756.52755,0.449795715,1.416713406,0,0,7,12,13,14399.99717
30,G,1011.12,1601.228519,0.631465146,1.529120933,0,0,1,1,2,14399.99717
31,A,517.44,898.6987607,0.575765788,1.442684097,0,0,0,3,0,14399.99035
31,B,9173.12,13958.31516,0.657179602,1.549440596,1,0,4,6,3,14399.99035
31,C,5072.32,10788.73548,0.47014963,1.750930387,0,0,6,16,9,14399.99035
31,D,1319.12,3032.551051,0.434986906,1.336542901,0,0,1,10,15,14399.99035
31,E,7105.12,13247.8947,0.536320688,1.715355725,0,1,5,9,7,14399.99035
31,F,2822.16,4102.816625,0.687859161,2.193665818,0,0,2,1,1,14399.99035
31,G,315.92,907.8015728,0.348005566,0.819436978,0,0,0,5,11,14399.99035
32,A,299.2,632.1805036,0.473282549,1.257862955,0,0,0,5,3,14399.99956
32,B,69.52,243.4096415,0.285609064,1.624356326,0,0,0,1,4,14399.99956
32,C,1745.92,4769.085156,0.366091177,1.178768277,0,0,2,14,9,14399.99956
32,D,1750.32,5158.641443,0.339298635,1.190743693,0,0,1,22,11,14399.99956
32,E,3587.76,9040.961887,0.396833882,1.372039342,0,1,1,8,16,14399.99956
32,F,412.72,817.556035,0.504821666,0.9216561,0,0,1,0,1,14399.99956
32,G,1707.2,3469.226677,0.492098141,1.664591754,0,0,1,8,10,14399.99956
33,A,3538.48,8321.371248,0.425227994,1.614216842,0,0,2,30,56,14399.99041
33,B,8299.28,10618.57936,0.781581012,1.659867462,1,0,0,0,0,14399.99041
33,C,195.36,366.499624,0.533042839,0.996308039,0,0,0,1,1,14399.99041
33,D,1019.92,1797.12275,0.567529402,1.354735928,0,0,0,7,1,14399.99041
33,E,3452.24,9958.084766,0.346677105,1.964881952,0,0,2,40,42,14399.99041
33,F,876.48,1412.624432,0.620462155,2.948815013,0,0,0,6,12,14399.99041
33,G,6123.04,12978.00441,0.47180135,1.773174825,0,0,6,15,25,14399.99041
34,A,5214,8694.763408,0.599671291,1.607951839,0,0,7,8,5,14399.98624
34,B,9373.76,13123.24317,0.714286848,2.995396536,0,1,3,11,10,14399.98624
34,C,7772.16,13195.59377,0.58899661,1.593636967,0,0,8,8,0,14399.98624
34,D,0,0,NA,#NAME?,0,0,0,0,0,14399.98624
34,E,10024.08,12745.46711,0.786481964,1.570606922,0,1,2,10,0,14399.98624
34,F,1984.4,2541.702058,0.78073667,2.07370616,0,0,1,4,4,14399.98624
34,G,3177.68,8296.336334,0.38302208,1.792099935,0,0,3,29,26,14399.98624
35,A,5326.64,6788.502259,0.784656143,2.217998915,0,0,5,5,2,14399.99227
35,B,13087.36,13730.75529,0.953142032,1.755853071,1,1,1,1,1,14399.99227
35,C,4573.36,4890.041105,0.935239582,1.77404328,0,0,0,20,32,14399.99227
35,D,6068.48,9918.330931,0.61184488,1.781503061,0,0,3,30,28,14399.99227
35,E,1102.64,2784.823865,0.395946047,1.294055361,0,0,0,9,66,14399.99227
35,F,559.68,720.1034007,0.777221715,1.838520253,0,0,0,3,8,14399.99227
35,G,2190.32,4296.985041,0.509734146,1.519171224,0,0,1,21,8,14399.99227
36,A,319.44,428.2698572,0.745884854,1.681096018,0,0,0,3,3,14399.98541
36,B,1447.6,1822.482438,0.794301207,1.874414095,0,0,0,10,5,14399.98541
36,C,0,0,NA,#NAME?,0,0,0,0,0,14399.98541
36,D,547.36,957.5498781,0.571625575,1.260183337,0,0,0,5,0,14399.98541
36,E,5517.6,10762.37437,0.512674974,1.597128327,0,0,5,24,14,14399.98541
36,F,4937.68,10185.09825,0.484794538,2.111663689,0,0,6,20,67,14399.98541
36,G,396,1015.511457,0.389951287,1.34309498,0,0,0,2,20,14399.98541
37,A,11674.96,10657.14686,1.095505218,2.059019198,0,1,4,8,3,14399.98732
37,B,6174.96,11748.35546,0.525602074,1.648113246,0,0,8,3,0,14399.98732
37,C,7528.4,11035.37335,0.68220619,2.056727947,0,0,4,16,2,14399.98732
37,D,9813.76,13059.9143,0.751441378,1.717127331,0,1,5,2,2,14399.98732
37,E,0,0,NA,#NAME?,0,0,0,0,0,14399.98732
37,F,175.12,429.3110421,0.407909378,1.943394185,0,0,0,1,6,14399.98732
37,G,13104.08,14233.8195,0.920629912,1.514828634,0,1,6,0,3,14399.98732
39,A,314.16,374.5391529,0.838790812,1.680300097,0,0,0,1,1,5114.932245
39,B,234.08,519.468096,0.450614777,0.807973091,0,0,0,2,0,5114.932245
39,C,4606.8,4985.444545,0.924049994,1.493821935,0,1,0,1,3,5114.932245
39,D,2129.6,4220.88217,0.504539078,1.078996025,0,0,2,4,2,5114.932245
39,E,1703.68,2686.034741,0.634273256,1.681410768,0,0,0,12,9,5114.932245
39,F,1724.8,3774.152853,0.457003218,1.506124705,0,0,2,11,12,5114.932245
39,G,3688.96,3832.251799,0.962608981,1.809036252,0,0,1,8,5,5114.932245
40,A,2517.68,3428.247212,0.73439278,2.357410072,0,0,2,8,21,14399.96623
40,B,8818.48,10859.99677,0.812014974,1.791829366,0,1,3,7,5,14399.96623
40,C,3014.88,9480.847322,0.317996894,1.315921066,0,0,4,20,45,14399.96623
40,D,0,0,NA,#NAME?,0,0,0,0,0,14399.96623
40,E,687.28,1354.854286,0.507272263,1.428877404,0,0,0,5,19,14399.96623
40,F,2208.8,3813.683305,0.579177615,1.790433455,0,0,3,5,3,14399.96623
40,G,5666.32,6922.790283,0.818502333,1.930244019,0,0,0,34,69,14399.96623
41,A,554.4,643.3033659,0.861801802,2.233837469,0,0,0,2,4,14399.97221
41,B,1312.08,2448.695425,0.535828175,1.649617369,0,0,1,7,11,14399.97221
41,C,11163.68,13248.69821,0.842624673,1.991784345,0,1,5,4,9,14399.97221
41,D,2808.96,3457.620023,0.812396961,1.903287072,0,0,2,4,9,14399.97221
41,E,1466.08,2127.750948,0.689028009,2.261652525,0,0,0,7,20,14399.97221
41,F,9433.6,10073.37768,0.936488267,1.95652561,0,0,5,12,19,14399.97221
41,G,1108.8,1147.574569,0.966211722,2.067382861,0,0,0,2,16,14399.97221
42,A,3385.36,3366.450859,1.005616937,1.899159253,0,0,0,14,22,14396.58945
42,B,976.8,1165.635221,0.837998014,1.741508299,0,0,0,4,1,14396.58945
42,C,715.44,742.2215679,0.963917017,2.009494647,0,0,0,2,0,14396.58945
42,D,9451.2,11191.33248,0.844510698,1.695999853,0,1,4,2,1,14396.58945
42,E,7502.88,7139.496677,1.050897611,2.028879067,0,0,2,17,7,14396.58945
42,F,13702.48,14312.00281,0.957411774,2.260688401,0,2,1,1,0,14396.58945
42,G,10203.6,11508.35332,0.886625542,2.371609166,0,1,3,13,9,14396.58945
43,A,623.92,603.4270089,1.033961011,2.237812502,0,0,0,1,11,14399.99845
43,B,4583.92,6580.520727,0.69658925,1.662390581,0,1,0,3,4,14399.99845
43,C,7008.32,13739.69341,0.51007834,1.245642269,0,1,4,1,2,14399.99845
43,D,1697.52,3929.613899,0.431981371,1.393884832,0,0,1,20,17,14399.99845
43,E,29.92,133.4620969,0.2241835,0.539344207,0,0,0,0,8,14399.99845
43,F,8316,9329.155299,0.891399032,2.029595306,0,1,2,0,2,14399.99845
43,G,7535.44,7495.290505,1.00535663,2.029398903,0,0,2,16,22,14399.99845
44,A,330.88,361.6308517,0.914966183,1.830879678,0,0,0,2,4,14399.99312
44,B,209.44,781.7766855,0.267902591,1.433820295,0,0,0,3,22,14399.99312
44,C,826.32,2856.950701,0.289231452,1.363816838,0,0,0,13,59,14399.99312
44,D,623.92,1772.578058,0.351984499,1.390963163,0,0,0,10,15,14399.99312
44,E,459.36,413.2605729,1.111550509,1.947643781,0,0,0,1,1,14399.99312
44,F,1918.4,3517.820839,0.545337608,1.937506933,0,0,1,16,10,14399.99312
44,G,3069.44,3117.115878,0.984705131,1.700164545,0,0,2,5,22,14399.99312
45,A,14637.04,13690.27115,1.069156325,2.156672484,0,1,5,1,2,14399.99348
45,B,14361.6,13697.02153,1.048519926,1.962100406,1,0,0,0,0,14399.99348
45,C,242.88,379.1438482,0.640601189,1.939508527,0,0,0,1,7,14399.99348
45,D,1367.52,1729.725499,0.790599434,1.865414522,0,0,0,5,11,14399.99348
45,E,0,0,NA,#NAME?,0,0,0,0,0,14399.99348
45,F,0,0,NA,#NAME?,0,0,0,0,0,14399.99348
45,G,0,0,NA,#NAME?,0,0,0,0,0,14399.99348
46,A,0,0,NA,#NAME?,0,0,0,0,0,14399.99171
46,B,0,0,NA,#NAME?,0,0,0,0,0,14399.99171
46,C,0,0,NA,#NAME?,0,0,0,0,0,14399.99171
46,D,839.52,2166.175596,0.387558609,2.48721182,0,0,0,10,35,14399.99171
46,E,5796.56,7134.136143,0.812510426,1.845343365,0,0,1,19,29,14399.99171
46,F,12289.2,13765.31892,0.892765367,2.172948391,1,0,2,0,0,14399.99171
46,G,6716.16,7354.887535,0.913156043,2.033990807,0,0,4,7,17,14399.99171
48,A,887.04,1993.668968,0.444928428,1.488386641,0,0,1,7,17,14399.99508
48,B,2086.48,2669.039796,0.781734316,1.617210012,0,0,1,2,10,14399.99508
48,C,99.44,484.7277212,0.205146097,2.886382438,0,0,0,2,14,14399.99508
48,D,61.6,333.605521,0.184649222,1.355474734,0,0,0,1,13,14399.99508
48,E,3779.6,10066.85564,0.375449906,1.666638454,0,0,1,41,19,14399.99508
48,F,8805.28,12992.50244,0.677720096,1.4437851,1,0,0,0,0,14399.99508
48,G,4150.08,5839.65683,0.710671897,2.00455195,0,0,3,2,0,14399.99508
49,A,13079.44,12169.52893,1.074769621,2.294642492,1,0,0,5,23,13246.21065
49,B,2246.64,9121.882175,0.246291276,0.923392793,0,0,3,21,60,13246.21065
49,C,3211.12,6716.692643,0.478080533,1.396388642,0,0,1,34,33,13246.21065
49,D,3980.24,9723.411065,0.409346059,1.995310664,0,0,4,17,42,13246.21065
49,E,4657.84,10115.21068,0.460478793,1.558617045,0,0,6,18,28,13246.21065
49,F,7121.84,10470.19842,0.680201054,2.013163066,1,0,1,1,13,13246.21065
49,G,326.48,482.9082189,0.676070498,1.230027407,0,0,0,2,1,13246.21065
50,A,11455.84,11913.83604,0.961557634,1.832698774,0,1,3,4,0,14399.99207
50,B,5488.56,9008.340144,0.609275395,1.928116442,0,1,1,11,75,14399.99207
50,C,9531.28,11722.23336,0.813094204,1.559520574,0,0,6,19,8,14399.99207
50,D,2182.4,4800.261449,0.454641903,1.438336621,0,0,1,7,10,14399.99207
50,E,2386.56,4081.394803,0.584741275,1.5000502,0,0,0,24,30,14399.99207
50,F,1460.8,2104.385789,0.694169295,1.464094854,0,0,0,6,19,14399.99207
50,G,457.6,596.416661,0.767248855,1.846446526,0,0,0,2,0,14399.99207
51,A,1381.6,1850.1064,0.746767861,2.006141564,0,0,1,7,20,14399.98694
51,B,13009.92,14025.70355,0.927576999,1.847055445,1,0,2,2,2,14399.98694
51,C,13082.96,14298.25013,0.915004275,1.483814675,1,0,0,0,0,14399.98694
51,D,1821.6,5856.629374,0.311032146,1.660230319,0,0,1,25,16,14399.98694
51,E,2875.84,6563.450486,0.438159777,1.111282315,0,0,1,29,23,14399.98694
51,F,5759.6,13303.66652,0.432933281,1.347403737,0,0,5,14,15,14399.98694
51,G,2541.44,4564.872274,0.556738469,1.503335379,0,0,1,8,86,14399.98694
52,A,11498.96,13530.81371,0.849835069,1.856536439,1,0,0,2,20,14399.63525
52,B,3843.84,9232.836036,0.416322784,2.17600498,0,0,2,32,19,14399.63525
52,C,7845.2,12436.18087,0.630836756,1.900635961,0,1,4,8,20,14399.63525
52,D,6434.56,10976.76884,0.586198005,2.031258438,0,1,4,8,17,14399.63525
52,E,573.76,1370.894874,0.418529539,2.046749627,0,0,0,8,26,14399.63525
52,F,4581.28,8369.355025,0.547387461,1.435811509,0,0,2,24,57,14399.63525
52,G,6618.48,11105.71947,0.595952385,1.318671835,0,1,2,1,14,14399.63525
53,A,13072.4,13692.39413,0.954719816,1.87614433,1,1,0,3,0,14399.99505
53,B,3624.72,6054.280277,0.5987037,2.141995155,0,0,4,11,8,14399.99505
53,C,3762,7376.72892,0.50998214,1.852911893,0,0,1,34,21,14399.99505
53,D,260.48,266.5208201,0.977334528,1.466202554,0,0,0,1,1,14399.99505
53,E,596.64,717.4972501,0.831557194,1.454694458,0,0,0,3,3,14399.99505
53,F,1096.48,3822.707286,0.286833366,1.362098591,0,0,0,24,32,14399.99505
53,G,1482.8,1683.252002,0.880913849,1.609499314,0,0,0,5,1,14399.99505
54,A,3111.68,3841.095692,0.810102182,1.751365733,0,0,1,14,8,14399.97932
54,B,5006.32,13647.14369,0.366840132,1.221677659,0,0,7,13,15,14399.97932
54,C,11839.52,13092.92934,0.904268227,1.584537812,1,0,1,4,8,14399.97932
54,D,8515.76,14397.43746,0.591477478,2.228575935,1,0,0,0,0,14399.97932
54,E,41.36,185.777822,0.222631526,1.582929996,0,0,0,1,7,14399.97932
54,F,860.64,1067.092807,0.806527787,1.455428685,0,0,0,2,22,14399.97932
54,G,0,0,NA,#NAME?,0,0,0,0,0,14399.97932
55,A,14334.32,14381.97512,0.996686469,1.698019103,1,0,1,0,0,14399.99663
55,B,9154.64,13401.59657,0.6831007,1.913492589,1,0,1,8,9,14399.99663
55,C,8426.88,10733.16065,0.785125675,1.527586889,1,0,1,10,10,14399.99663
55,D,3936.24,11985.93439,0.328404935,1.837766869,0,0,5,21,17,14399.99663
55,E,11493.68,12812.07413,0.897097526,1.710481202,1,0,1,4,14,14399.99663
55,F,1444.08,2433.786836,0.593346952,1.141773241,0,0,0,6,6,14399.99663
55,G,12970.32,13957.66714,0.929261306,1.654508841,1,0,0,0,0,14399.99663
56,A,5976.08,7315.166322,0.816943831,1.792092103,0,1,0,4,7,14399.59146
56,B,11344.96,13960.66822,0.81263732,1.734188349,1,0,2,8,0,14399.59146
56,C,1951.84,3225.374637,0.605151407,2.021938197,0,0,1,12,19,14399.59146
56,D,6042.96,13373.25667,0.451868991,1.102940633,1,0,3,0,0,14399.59146
56,E,1965.04,2984.114069,0.658500297,1.860496806,0,0,1,10,12,14399.59146
56,F,5588.88,13345.45056,0.418785411,1.3808992,0,1,1,19,17,14399.59146
56,G,8811.44,13090.91572,0.67309577,1.873787007,0,1,2,3,18,14399.59146
57,A,1093.84,1448.479614,0.755164235,1.816403155,0,0,0,9,21,14399.93202
57,B,222.64,206.4718111,1.078307004,1.675143402,0,0,0,1,0,14399.93202
57,C,4832.08,5957.000971,0.811159848,1.812819501,0,0,3,11,6,14399.93202
57,D,3176.8,10181.57025,0.31201474,1.161262688,0,1,1,21,40,14399.93202
57,E,347.6,578.468991,0.600896514,1.035340408,0,0,0,1,8,14399.93202
57,F,12114.08,11862.39599,1.021216962,1.73558359,0,2,0,3,15,14399.93202
57,G,0,0,NA,#NAME?,0,0,0,0,0,14399.93202
58,A,2679.6,3380.051065,0.792769088,1.808574426,0,0,1,14,34,14399.76479
58,B,1339.36,1642.847247,0.815267519,1.710743617,0,0,1,3,9,14399.76479
58,C,140.8,737.9582186,0.19079671,1.066002722,0,0,0,5,7,14399.76479
58,D,1449.36,2002.604524,0.723737504,1.822730589,0,0,1,4,18,14399.76479
58,E,5331.92,8565.343674,0.622499248,2.148259834,0,0,1,44,16,14399.76479
58,F,1223.2,1520.778129,0.804325086,1.892680169,0,0,0,5,20,14399.76479
58,G,230.56,277.3927782,0.831167998,1.802492595,0,0,0,3,1,14399.76479
59,A,565.84,843.6541746,0.670701357,1.247809318,0,0,0,3,7,14399.98123
59,B,2150.72,3069.247652,0.700731985,1.54887297,0,0,1,14,8,14399.98123
59,C,792.88,1840.203999,0.430865274,1.45575129,0,0,0,12,20,14399.98123
59,D,191.84,436.0325389,0.439967165,0.984175944,0,0,0,2,9,14399.98123
59,E,259.6,564.5486205,0.459836391,1.791304993,0,0,0,1,17,14399.98123
59,F,7087.52,11946.13292,0.5932899,1.779078963,1,0,1,2,6,14399.98123
59,G,1026.08,1351.757106,0.759071283,2.032421679,0,0,0,8,16,14399.98123
60,A,7790.64,9333.180405,0.834725106,1.486293126,0,0,4,6,9,14399.26906
60,B,2386.56,8927.945057,0.267313473,1.38337157,0,0,1,39,59,14399.26906
60,C,4681.6,6305.329028,0.742483061,1.572855734,0,0,5,6,9,14399.26906
60,D,4391.2,8391.294803,0.523304222,1.219066221,0,0,3,16,7,14399.26906
60,E,1063.04,1701.658145,0.62470832,1.703369702,0,0,1,4,24,14399.26906
60,F,2652.32,7096.126779,0.373770098,1.23798238,0,0,4,9,28,14399.26906
60,G,2264.24,4069.629838,0.556374926,1.238207059,0,0,0,22,31,14399.26906
61,A,11299.2,12146.22743,0.930264156,2.122691842,0,0,1,32,23,14130.90753
61,B,341.44,416.2939038,0.820189767,1.924250444,0,0,0,3,9,14130.90753
61,C,910.8,2073.510137,0.439255147,1.379967824,0,0,0,9,12,14130.90753
61,D,2614.48,5411.025055,0.483176473,1.490129231,0,0,0,25,41,14130.90753
61,E,7973.68,9580.917684,0.832245956,2.113089013,0,0,0,37,50,14130.90753
61,F,708.4,1663.085989,0.425955125,1.137529866,0,0,0,6,31,14130.90753
61,G,544.72,450.9998596,1.207805254,2.169827665,0,0,0,1,3,14130.90753
62,A,707.52,1334.604038,0.530134767,1.596832593,0,0,0,4,18,14399.99936
62,B,12995.84,12650.95613,1.027261486,2.097601316,0,0,7,13,9,14399.99936
62,C,7678,10633.57014,0.722052885,1.637782778,0,0,5,4,19,14399.99936
62,D,5035.36,12358.60938,0.407437426,1.68369873,0,0,2,34,13,14399.99936
62,E,4143.92,6688.022248,0.619603202,2.091503752,0,0,2,19,28,14399.99936
62,F,4728.24,11144.84322,0.424253613,1.873449372,0,0,1,47,39,14399.99936
62,G,10463.2,13412.27455,0.780121221,1.803652626,0,0,8,11,1,14399.99936
63,A,4817.12,6007.475848,0.801854243,1.774357974,0,1,0,12,5,14399.2411
63,B,0,0,NA,#NAME?,0,0,0,0,0,14399.2411
63,C,2388.32,4952.072701,0.482286942,1.424764396,0,0,3,7,15,14399.2411
63,D,830.72,1294.146276,0.641905799,1.643968681,0,0,0,6,4,14399.2411
63,E,540.32,639.6014609,0.844776057,1.562699792,0,0,0,3,5,14399.2411
63,F,192.72,1054.98919,0.182674858,1.184921786,0,0,0,3,30,14399.2411
63,G,766.48,773.944983,0.990354634,1.85695582,0,0,0,2,4,14399.2411
64,A,231.44,630.4564013,0.367099136,1.161913755,0,0,0,4,9,14399.99128
64,B,133.76,542.9080718,0.246376886,1.250170631,0,0,0,3,12,14399.99128
64,C,10112.08,13125.84791,0.770394421,1.628423305,0,1,3,2,2,14399.99128
64,D,13450.8,14298.6043,0.940707199,1.556656858,1,0,1,1,1,14399.99128
64,E,5096.96,7134.494003,0.714410861,1.556755998,0,0,3,15,20,14399.99128
64,F,5614.4,12593.50066,0.445817263,1.613669202,0,0,6,22,14,14399.99128
64,G,0,0,NA,#NAME?,0,0,0,0,0,14399.99128
65,A,300.96,321.7487741,0.935388179,1.641812913,0,0,0,2,1,14397.57499
65,B,884.4,1875.20243,0.471629082,1.125606154,0,0,1,7,14,14397.57499
65,C,4304.08,12530.00976,0.343501728,0.949473857,0,0,3,31,38,14397.57499
65,D,4347.2,4802.881038,0.905123397,1.944106624,0,0,0,24,32,14397.57499
65,E,236.72,620.4831953,0.381509124,1.167853673,0,0,0,4,15,14397.57499
65,F,9888.56,12462.19575,0.793484567,1.700890042,0,0,7,8,3,14397.57499
65,G,13037.2,11503.78907,1.133296162,2.148212322,0,1,4,2,3,14397.57499
66,A,2030.16,2536.252375,0.800456619,1.793996202,0,0,0,10,12,14399.9741
66,B,1528.56,1857.460528,0.822930004,1.648999772,0,0,1,2,7,14399.9741
66,C,941.6,1357.314642,0.693722716,2.837841542,0,0,0,6,24,14399.9741
66,D,2221.12,2592.608456,0.856712472,2.329861477,0,0,0,15,12,14399.9741
66,E,9537.44,14134.25065,0.674775072,1.471802983,0,0,8,8,1,14399.9741
66,F,10484.32,14094.43515,0.743862375,1.829560121,0,0,9,5,1,14399.9741
66,G,574.64,780.1705141,0.736556932,1.709790271,0,0,0,3,0,14399.9741
67,A,2520.32,2606.470852,0.966947318,2.230269972,0,0,1,8,14,14399.98386
67,B,10149.92,8584.762442,1.182318098,2.350890564,0,0,4,4,4,14399.98386
67,C,15629.68,14383.80283,1.086616674,1.70621382,1,1,0,0,0,14399.98386
67,D,0,0,NA,#NAME?,0,0,0,0,0,14399.98386
67,E,791.12,1509.23518,0.524186032,1.596682005,0,0,0,3,41,14399.98386
67,F,3175.92,5181.835488,0.612894795,1.722678819,0,0,3,10,16,14399.98386
67,G,2148.08,2006.743119,1.070430978,1.849909494,0,0,2,0,0,14399.98386
68,A,740.96,682.9873011,1.084881079,2.356982541,0,0,0,3,1,2584.229058
68,B,171.6,189.2130806,0.906914043,2.06367474,0,0,0,1,5,2584.229058
68,C,417.12,630.358058,0.661719153,1.841543649,0,0,0,4,2,2584.229058
68,D,300.96,278.4128838,1.080984457,1.83855139,0,0,0,2,1,2584.229058
68,E,572,1219.703043,0.468966609,1.563729951,0,0,1,5,6,2584.229058
68,F,335.28,402.7305095,0.832517011,1.908296761,0,0,0,2,6,2584.229058
68,G,0,0,NA,#NAME?,0,0,0,0,0,2584.229058
69,A,6822.64,8300.686169,0.821936869,1.492656606,1,0,0,2,0,14397.36433
69,B,11591.36,12942.5681,0.895599692,1.719179616,0,0,8,9,7,14397.36433
69,C,704.88,663.618839,1.062175994,1.646724996,0,0,1,0,3,14397.36433
69,D,3222.56,3210.320034,1.003812693,2.130472099,0,0,1,11,45,14397.36433
69,E,271.92,247.6983871,1.09778672,1.47306,0,0,0,1,1,14397.36433
69,F,8881.84,13041.10167,0.681065161,1.35595128,0,1,4,4,0,14397.36433
69,G,0,0,NA,#NAME?,0,0,0,0,0,14397.36433
101,A,0,0,NA,#NAME?,0,0,0,0,0,14399.98796
101,B,103.84,369.2585986,0.281212138,1.505771403,0,0,0,2,9,14399.98796
101,C,2266.88,8227.279014,0.275532165,2.79826957,0,0,2,29,49,14399.98796
101,D,154.88,664.2422779,0.233167935,1.025999921,0,0,0,1,38,14399.98796
101,E,4557.52,8495.292717,0.536475923,1.464194171,0,0,3,20,7,14399.98796
101,F,0,0,NA,#NAME?,0,0,0,0,0,14399.98796
101,G,1703.68,2407.375967,0.707691704,1.917503694,0,0,0,11,46,14399.98796
102,A,2892.56,3103.832617,0.931931698,2.02755168,0,0,2,4,9,14397.55629
102,B,0,0,NA,#NAME?,0,0,0,0,0,14397.55629
102,C,3015.76,4016.442919,0.750853444,1.509858917,0,0,2,7,8,14397.55629
102,D,0,0,NA,#NAME?,0,0,0,0,0,14397.55629
102,E,0,0,NA,#NAME?,0,0,0,0,0,14397.55629
102,F,4341.04,7733.669136,0.561317005,1.356170494,0,0,2,26,5,14397.55629
102,G,2339.92,3253.824155,0.719129212,1.489344561,0,0,1,8,28,14397.55629
103,A,683.76,2713.882813,0.251948978,1.133493327,0,0,0,11,76,14399.97997
103,B,0,0,NA,#NAME?,0,0,0,0,0,14399.97997
103,C,0,0,NA,#NAME?,0,0,0,0,0,14399.97997
103,D,0,0,NA,#NAME?,0,0,0,0,0,14399.97997
103,E,253.44,539.0290351,0.470178754,1.697360836,0,0,0,1,15,14399.97997
103,F,3669.6,7259.774074,0.505470275,1.401740549,0,0,3,11,13,14399.97997
103,G,0,0,NA,#NAME?,0,0,0,0,0,14399.97997
104,A,3301.76,7055.639349,0.467960427,1.562100594,0,0,1,30,25,14399.98087
104,B,964.48,1166.388434,0.826894345,1.906750996,0,0,0,3,5,14399.98087
104,C,565.84,643.437887,0.879401122,1.485585434,0,0,0,1,3,14399.98087
104,D,548.24,1103.459872,0.496837279,1.295729386,0,0,0,5,6,14399.98087
104,E,0,0,NA,#NAME?,0,0,0,0,0,14399.98087
104,F,969.76,3275.787354,0.296038752,1.62602867,0,0,0,15,52,14399.98087
104,G,58.96,199.630707,0.295345345,0.752439069,0,0,0,1,6,14399.98087
105,A,0,0,NA,#NAME?,0,0,0,0,0,14399.99244
105,B,0,0,NA,#NAME?,0,0,0,0,0,14399.99244
105,C,12984.4,14283.15643,0.909070769,1.818380793,1,0,2,0,0,14399.99244
105,D,3850,11119.39232,0.346241943,1.709950276,0,0,2,32,19,14399.99244
105,E,2490.4,3421.071851,0.727958987,1.917629218,0,0,4,2,4,14399.99244
105,F,0,0,NA,#NAME?,0,0,0,0,0,14399.99244
105,G,29.92,34.35010195,0.871030894,1.089765739,0,0,0,0,1,14399.99244
106,A,0,0,NA,#NAME?,0,0,0,0,0,11811.23324
106,B,0,0,NA,#NAME?,0,0,0,0,0,11811.23324
106,C,0,0,NA,#NAME?,0,0,0,0,0,11811.23324
106,D,1254,3277.154015,0.38264909,1.529203291,0,0,1,4,18,11811.23324
106,E,3727.68,10028.3232,0.371715184,1.419328902,0,0,4,14,19,11811.23324
106,F,4561.92,9220.44493,0.494761374,1.406407126,0,1,2,4,8,11811.23324
106,G,0,0,NA,#NAME?,0,0,0,0,0,11811.23324
107,A,9830.48,12851.00584,0.764958021,1.750167393,0,0,7,9,9,14399.1871
107,B,409.2,916.5815682,0.446441445,1.18143471,0,0,0,6,4,14399.1871
107,C,0,0,NA,#NAME?,0,0,0,0,0,14399.1871
107,D,0,0,NA,#NAME?,0,0,0,0,0,14399.1871
107,E,2698.08,2940.685864,0.917500245,1.878567825,0,0,1,0,0,14399.1871
107,F,2970,3980.736165,0.746093154,2.935251302,0,0,1,11,20,14399.1871
107,G,1169.52,961.755337,1.216026525,1.993606782,0,0,1,0,0,14399.1871
108,A,241.12,431.7875657,0.55842275,1.218453717,0,0,0,0,18,14399.98284
108,B,5279.12,8826.427513,0.598103819,1.39820355,0,1,2,5,0,14399.98284
108,C,516.56,746.4255996,0.692044861,2.4061463,0,0,0,2,12,14399.98284
108,D,5929.44,8973.027772,0.660807049,1.642906909,0,0,6,10,15,14399.98284
108,E,0,0,NA,#NAME?,0,0,0,0,0,14399.98284
108,F,82.72,348.6505604,0.237257614,1.475824159,0,0,0,1,11,14399.98284
108,G,13949.76,14059.11729,0.992221611,2.033492142,1,0,1,2,8,14399.98284
109,A,5052.08,4703.276836,1.074161734,1.59121107,0,1,0,0,0,14399.9821
109,B,0,0,NA,#NAME?,0,0,0,0,0,14399.9821
109,C,143.44,232.9765003,0.615684414,2.015551922,0,0,0,1,3,14399.9821
109,D,0,0,NA,#NAME?,0,0,0,0,0,14399.9821
109,E,9375.52,12824.91934,0.731039295,2.081362031,0,0,7,14,8,14399.9821
109,F,10853.92,12663.77278,0.857084234,2.191060088,0,0,6,6,9,14399.9821
109,G,9649.2,11128.0251,0.867108037,1.97402869,0,0,2,37,54,14399.9821
110,A,3020.16,3230.078261,0.935011401,1.867476763,0,0,2,1,1,14399.84237
110,B,474.32,840.5984228,0.56426468,1.099077028,0,0,0,2,0,14399.84237
110,C,0,0,NA,#NAME?,0,0,0,0,0,14399.84237
110,D,0,0,NA,#NAME?,0,0,0,0,0,14399.84237
110,E,356.4,383.9746761,0.928186212,1.444968673,0,0,0,1,0,14399.84237
110,F,0,0,NA,#NAME?,0,0,0,0,0,14399.84237
110,G,6045.6,7653.380313,0.789925465,1.755523196,0,0,5,16,5,14399.84237
111,A,5406.72,5647.526853,0.957360654,1.578107171,0,0,3,1,1,14392.74762
111,B,7338.32,13329.87562,0.550516765,1.785525114,0,1,4,3,1,14392.74762
111,C,951.28,1369.024954,0.694859504,2.558399439,0,0,1,0,1,14392.74762
111,D,1740.64,3979.421316,0.437410332,1.356168501,0,0,2,9,9,14392.74762
111,E,3751.44,5213.914697,0.719505442,1.982574939,0,0,2,18,11,14392.74762
111,F,7.92,41.93636179,0.188857585,0.247783337,0,0,0,0,2,14392.74762
111,G,6867.52,10654.14268,0.644586824,1.553400815,0,0,1,54,40,14392.74762
112,A,5101.36,5729.204097,0.890413383,1.479170524,0,0,2,2,0,14399.98077
112,B,79.2,303.964556,0.260556695,0.672132768,0,0,0,2,0,14399.98077
112,C,0,0,NA,#NAME?,0,0,0,0,0,14399.98077
112,D,336.16,1150.604829,0.292159386,2.460822401,0,0,0,8,10,14399.98077
112,E,14606.24,13738.07583,1.063194015,2.098900289,1,0,0,0,1,14399.98077
112,F,3517.36,4632.291625,0.759313162,1.872153222,0,0,0,21,15,14399.98077
112,G,0,0,NA,#NAME?,0,0,0,0,0,14399.98077
113,A,4088.48,6559.058512,0.623333363,1.130843586,0,0,4,5,15,14399.98962
113,B,2768.48,2857.040288,0.969002786,2.03961966,0,0,1,5,15,14399.98962
113,C,922.24,2671.930924,0.345158624,1.309700982,0,0,2,4,17,14399.98962
113,D,91.52,145.1519992,0.630511467,1.588679713,0,0,0,1,3,14399.98962
113,E,11.44,50.32812309,0.227308298,0.898917696,0,0,0,0,3,14399.98962
113,F,8514.88,8168.736229,1.042374213,1.738666606,1,0,1,0,1,14399.98962
113,G,13.2,14.05625892,0.939083442,1.500262382,0,0,0,0,1,14399.98962
114,A,0,0,NA,#NAME?,0,0,0,0,0,14399.99773
114,B,305.36,323.4125409,0.944181073,1.477714903,0,0,0,1,1,14399.99773
114,C,168.96,692.7899561,0.243883443,2.92003655,0,0,0,3,21,14399.99773
114,D,587.84,1061.847034,0.553601396,1.10648675,0,0,0,6,7,14399.99773
114,E,739.2,950.5607622,0.777646237,2.394075904,0,0,0,4,5,14399.99773
114,F,1460.8,4719.413707,0.309529974,1.483294702,0,0,3,5,8,14399.99773
114,G,0,0,NA,#NAME?,0,0,0,0,0,14399.99773
115,A,0,0,NA,#NAME?,0,0,0,0,0,14399.15333
115,B,4222.24,5798.868767,0.728114425,2.961159437,0,1,0,8,26,14399.15333
115,C,17.6,78.7513299,0.223488289,0.504252349,0,0,0,1,1,14399.15333
115,D,9354.4,9763.372051,0.958111598,1.740723117,1,0,0,0,0,14399.15333
115,E,0,0,NA,#NAME?,0,0,0,0,0,14399.15333
115,F,0,0,NA,#NAME?,0,0,0,0,0,14399.15333
115,G,0,0,NA,#NAME?,0,0,0,0,0,14399.15333
116,A,0,0,NA,#NAME?,0,0,0,0,0,14399.76396
116,B,4934.16,11738.7743,0.420330085,1.965970392,0,0,3,29,15,14399.76396
116,C,8935.52,10429.05558,0.856790908,1.974648615,0,1,2,1,0,14399.76396
116,D,3633.52,6585.503956,0.55174517,1.30224707,0,0,5,6,34,14399.76396
116,E,417.12,667.8422701,0.624578615,1.255300874,0,0,1,0,2,14399.76396
116,F,76.56,283.4576347,0.270093272,1.470976519,0,0,0,1,17,14399.76396
116,G,0,0,NA,#NAME?,0,0,0,0,0,14399.76396
117,A,26.4,130.8343973,0.201781799,0.433382662,0,0,0,1,3,14398.84561
117,B,7986,12868.36047,0.620591879,1.427855351,1,0,1,12,20,14398.84561
117,C,364.32,774.9611578,0.470113884,1.000956626,0,0,1,0,2,14398.84561
117,D,11237.6,12136.86228,0.925906527,1.813591774,1,0,1,3,5,14398.84561
117,E,12191.52,12073.60261,1.009766546,1.891931212,0,1,3,8,13,14398.84561
117,F,5210.48,10896.25856,0.478189827,1.576287499,0,0,7,7,5,14398.84561
117,G,5019.52,5030.813065,0.997755221,2.102099099,0,0,2,2,0,14398.84561
118,A,966.24,2477.205757,0.390052379,0.94617876,0,0,1,7,1,14397.69007
118,B,17.6,84.90745735,0.207284502,0.592796974,0,0,0,0,5,14397.69007
118,C,10021.44,9992.610694,1.002885062,2.866599399,1,0,1,0,2,14397.69007
118,D,20.24,105.0223064,0.192720963,0.60764538,0,0,0,1,2,14397.69007
118,E,683.76,2273.36134,0.300770488,1.077921809,0,0,1,8,2,14397.69007
118,F,3042.16,6094.640996,0.499153273,1.328203612,0,0,5,1,3,14397.69007
118,G,1835.68,2728.195003,0.672855129,1.469108231,0,0,1,7,11,14397.69007
119,A,4915.68,5436.98311,0.904119049,2.124434079,0,0,1,9,5,14399.97404
119,B,833.36,1384.799624,0.601791036,1.332094055,0,0,1,1,6,14399.97404
119,C,8242.96,8481.093832,0.971921802,2.999849251,0,1,2,6,18,14399.97404
119,D,0,0,NA,#NAME?,0,0,0,0,0,14399.97404
119,E,5551.92,8009.849794,0.693136593,1.566276738,0,0,5,9,11,14399.97404
119,F,0,0,NA,#NAME?,0,0,0,0,0,14399.97404
119,G,0,0,NA,#NAME?,0,0,0,0,0,14399.97404
120,A,7094.56,7227.532557,0.981601943,1.83238215,0,0,4,6,9,14399.9984
120,B,555.28,1868.161903,0.297233339,1.049105321,0,0,1,5,1,14399.9984
120,C,2112.88,5072.87558,0.416505386,0.740693939,0,1,0,5,2,14399.9984
120,D,29.04,134.4548848,0.215983228,0.850355872,0,0,0,0,10,14399.9984
120,E,11703.12,13871.01103,0.843710669,1.687676591,0,0,10,4,1,14399.9984
120,F,8338.88,14270.83241,0.584330315,1.178021861,1,0,3,3,0,14399.9984
120,G,3480.4,3576.973473,0.973001345,2.265361529,0,0,2,1,5,14399.9984
121,A,0,0,NA,#NAME?,0,0,0,0,0,14399.9858
121,B,1022.56,3432.804547,0.297878888,1.179043154,0,0,0,12,20,14399.9858
121,C,0,0,NA,#NAME?,0,0,0,0,0,14399.9858
121,D,0,0,NA,#NAME?,0,0,0,0,0,14399.9858
121,E,5501.76,5290.345592,1.039962306,2.226962397,0,0,3,0,0,14399.9858
121,F,8109.2,12600.99262,0.643536604,1.150438147,1,0,0,0,0,14399.9858
121,G,0,0,NA,#NAME?,0,0,0,0,0,14399.9858
122,A,0,0,NA,#NAME?,0,0,0,0,0,14399.97579
122,B,180.4,883.952903,0.204083271,0.90214306,0,0,0,2,30,14399.97579
122,C,8627.52,11872.93574,0.726654316,1.836554332,1,0,1,0,0,14399.97579
122,D,88.88,279.8045435,0.31765031,0.994772916,0,0,0,0,16,14399.97579
122,E,1115.84,2444.071351,0.456549683,1.106321255,0,0,0,13,9,14399.97579
122,F,0,0,NA,#NAME?,0,0,0,0,0,14399.97579
122,G,280.72,326.5788989,0.859577887,1.397067292,0,0,0,1,2,14399.97579
123,A,93.28,134.6243801,0.692890841,1.19941505,0,0,0,1,0,14399.98593
123,B,686.4,1419.937885,0.483401427,1.199367501,0,0,1,2,2,14399.98593
123,C,1124.64,1431.65902,0.785550179,1.57826305,0,0,1,2,1,14399.98593
123,D,0,0,NA,#NAME?,0,0,0,0,0,14399.98593
123,E,146.08,324.7835028,0.44977654,0.897820903,0,0,0,1,2,14399.98593
123,F,1534.72,3656.39266,0.419736101,1.146097146,0,0,2,9,6,14399.98593
123,G,0,0,NA,#NAME?,0,0,0,0,0,14399.98593
124,A,11839.52,10653.99751,1.111274898,2.145813191,1,0,1,0,0,14399.99953
124,B,12076.24,14314.17929,0.843655773,1.894592115,1,0,0,0,1,14399.99953
124,C,0,0,NA,#NAME?,0,0,0,0,0,14399.99953
124,D,2002.88,3079.502683,0.650390731,1.744782308,0,0,0,13,17,14399.99953
124,E,2.64,7.674032211,0.344017321,0.299225183,0,0,0,0,1,14399.99953
124,F,6467.12,14090.29908,0.458976773,2.479542543,1,0,3,5,0,14399.99953
124,G,0,0,NA,#NAME?,0,0,0,0,0,14399.99953
125,A,2764.96,3415.912604,0.809435229,1.474375703,0,0,2,0,4,14399.10749
125,B,21.12,80.48218274,0.26241833,0.650805287,0,0,0,0,4,14399.10749
125,C,8835.2,11292.56469,0.782390913,2.461867944,0,2,1,3,5,14399.10749
125,D,1277.76,5262.987144,0.242782276,1.227976779,0,0,2,15,12,14399.10749
125,E,0,0,NA,#NAME?,0,0,0,0,0,14399.10749
125,F,0,0,NA,#NAME?,0,0,0,0,0,14399.10749
125,G,0,0,NA,#NAME?,0,0,0,0,0,14399.10749
126,A,9584.96,11827.07721,0.810425081,1.775464982,0,2,1,0,2,12210.98491
126,B,83.6,532.5469112,0.156981476,0.581437986,0,0,0,2,8,12210.98491
126,C,402.16,716.026171,0.561655448,1.395146687,0,0,1,0,2,12210.98491
126,D,1437.04,2615.443346,0.549444132,1.427785756,0,0,1,5,28,12210.98491
126,E,202.4,679.434556,0.297894769,0.87091708,0,0,1,0,1,12210.98491
126,F,0,0,NA,#NAME?,0,0,0,0,0,12210.98491
126,G,0,0,NA,#NAME?,0,0,0,0,0,12210.98491
127,A,1669.36,2162.14546,0.772084964,1.508616646,0,0,2,4,4,14399.99107
127,B,1264.56,1626.936844,0.777264345,1.51405687,0,0,1,6,2,14399.99107
127,C,442.64,1420.721302,0.31156005,2.61308111,0,0,1,0,9,14399.99107
127,D,3.52,7.011816978,0.50200968,2.042393798,0,0,0,0,1,14399.99107
127,E,0,0,NA,#NAME?,0,0,0,0,0,14399.99107
127,F,462,1064.014377,0.434204659,1.056575961,0,0,0,7,3,14399.99107
127,G,8902.08,11980.8473,0.743025913,1.479671,0,1,1,9,2,14399.99107
128,A,0,0,NA,#NAME?,0,0,0,0,0,14399.99611
128,B,0,0,NA,#NAME?,0,0,0,0,0,14399.99611
128,C,652.96,3488.86639,0.187155347,0.773073153,0,0,0,21,30,14399.99611
128,D,0,0,NA,#NAME?,0,0,0,0,0,14399.99611
128,E,2511.52,3049.589959,0.823559899,1.891407681,0,0,2,3,12,14399.99611
128,F,10464.96,12091.26474,0.865497549,1.554372269,0,1,3,1,1,14399.99611
128,G,0,0,NA,#NAME?,0,0,0,0,0,14399.99611
129,A,0,0,NA,#NAME?,0,0,0,0,0,14399.99257
129,B,22.88,28.42000103,0.805066825,1.873284878,0,0,0,0,1,14399.99257
129,C,242,315.378299,0.767332441,1.291039894,0,0,0,3,2,14399.99257
129,D,0,0,NA,#NAME?,0,0,0,0,0,14399.99257
129,E,5185.84,7593.743709,0.682909537,1.5125814,0,0,3,27,30,14399.99257
129,F,0,0,NA,#NAME?,0,0,0,0,0,14399.99257
129,G,182.16,160.3366089,1.136109846,1.605783241,0,0,0,1,0,14399.99257
130,A,630.96,807.3083398,0.781560116,1.084418496,0,0,1,0,1,14399.98884
130,B,328.24,823.1763504,0.398748093,1.267001693,0,0,1,1,1,14399.98884
130,C,0,0,NA,#NAME?,0,0,0,0,0,14399.98884
130,D,883.52,1296.877574,0.681267081,1.414829549,0,0,0,5,4,14399.98884
130,E,1122,1492.865211,0.751574886,1.802636087,0,0,1,2,6,14399.98884
130,F,2778.16,5123.609367,0.54222713,1.589371337,0,0,3,12,7,14399.98884
130,G,0,0,NA,#NAME?,0,0,0,0,0,14399.98884
131,A,651.2,964.1043484,0.675445558,1.937796837,0,0,1,1,8,14399.97326
131,B,8878.32,9855.466786,0.900852308,1.625418585,0,0,4,10,10,14399.97326
131,C,1870.88,2313.215323,0.808779011,1.380866136,0,0,1,3,3,14399.97326
131,D,4131.6,6483.306509,0.637267418,1.882847573,0,0,4,13,16,14399.97326
131,E,5976.96,9297.001735,0.642891135,1.29241688,0,0,0,57,14,14399.97326
131,F,6056.16,6385.368399,0.948443319,1.888488989,0,1,1,1,0,14399.97326
131,G,1782.88,2585.145144,0.689663404,1.758456326,0,0,2,3,0,14399.97326
132,A,15969.36,13437.75426,1.188395002,1.960041527,1,0,0,0,2,14399.98743
132,B,12055.12,14126.8848,0.853345955,1.838973679,1,0,1,0,0,14399.98743
132,C,8166.4,14396.43771,0.567251438,1.079165435,1,0,0,0,0,14399.98743
132,D,0,0,NA,#NAME?,0,0,0,0,0,14399.98743
132,E,693.44,1032.68169,0.671494427,1.697328054,0,0,0,6,1,14399.98743
132,F,0,0,NA,#NAME?,0,0,0,0,0,14399.98743
132,G,0,0,NA,#NAME?,0,0,0,0,0,14399.98743
133,A,78.32,137.875994,0.568046675,1.194301863,0,0,0,0,11,14399.9806
133,B,325.6,496.3623769,0.65597236,1.095175727,0,0,0,1,0,14399.9806
133,C,0,0,NA,#NAME?,0,0,0,0,0,14399.9806
133,D,36.08,104.4853549,0.345311551,0.723052731,0,0,0,1,1,14399.9806
133,E,0,0,NA,#NAME?,0,0,0,0,0,14399.9806
133,F,0,0,NA,#NAME?,0,0,0,0,0,14399.9806
133,G,0,0,NA,#NAME?,0,0,0,0,0,14399.9806
134,A,41.36,84.49184799,0.489514681,1.024166789,0,0,0,1,0,14399.97837
134,B,1165.12,4422.378192,0.263460055,2.568000779,0,0,0,20,13,14399.97837
134,C,154,702.2065909,0.219308679,2.343759438,0,0,0,3,14,14399.97837
134,D,0,0,NA,#NAME?,0,0,0,0,0,14399.97837
134,E,7.04,38.51678514,0.182777456,0.332642318,0,0,0,0,2,14399.97837
134,F,0,0,NA,#NAME?,0,0,0,0,0,14399.97837
134,G,419.76,1066.539675,0.393571857,1.215427626,0,0,0,2,10,14399.97837
135,A,10264.32,14364.26901,0.714573083,1.387747893,1,1,0,0,0,14399.98435
135,B,12721.28,14327.19411,0.887911471,2.08191381,1,0,2,1,1,14399.98435
135,C,24.64,117.6311028,0.209468409,0.414879269,0,0,0,0,6,14399.98435
135,D,2806.32,3913.568964,0.71707437,1.906635755,0,0,1,14,9,14399.98435
135,E,782.32,1016.301843,0.769771309,1.456203868,0,0,0,4,6,14399.98435
135,F,2222,4661.59654,0.476660728,1.303168932,0,0,3,1,9,14399.98435
135,G,2.64,14.8227129,0.178105049,0.123530167,0,0,0,0,1,14399.98435
136,A,880,1134.101748,0.775944488,1.851209369,0,0,1,1,6,14399.99164
136,B,14.96,56.58816719,0.264366223,0.640232351,0,0,0,0,2,14399.99164
136,C,0,0,NA,#NAME?,0,0,0,0,0,14399.99164
136,D,1427.36,4438.557394,0.321581963,1.24840736,0,0,1,16,21,14399.99164
136,E,6988.08,11051.06656,0.632344395,1.772057057,0,0,8,16,10,14399.99164
136,F,0,0,NA,#NAME?,0,0,0,0,0,14399.99164
136,G,212.08,372.8304009,0.568837733,1.292703405,0,0,0,2,0,14399.99164
137,A,0,0,NA,#NAME?,0,0,0,0,0,14399.99462
137,B,0,0,NA,#NAME?,0,0,0,0,0,14399.99462
137,C,2899.6,6585.695349,0.4402876,1.473656365,0,0,6,10,5,14399.99462
137,D,187.44,1009.817446,0.185617708,1.04134986,0,0,0,3,33,14399.99462
137,E,0,0,NA,#NAME?,0,0,0,0,0,14399.99462
137,F,256.08,680.8073821,0.376141632,0.897313864,0,0,0,4,0,14399.99462
137,G,776.16,1064.306787,0.729263413,1.680123413,0,0,1,1,1,14399.99462
138,A,1814.56,3292.780304,0.551072295,1.073780871,0,0,1,10,7,14399.99665
138,B,0,0,NA,#NAME?,0,0,0,0,0,14399.99665
138,C,2.64,7.736624002,0.341234109,0.463984513,0,0,0,0,1,14399.99665
138,D,7615.52,10097.76165,0.754179022,2.829227467,0,0,1,52,21,14399.99665
138,E,3344,3734.50896,0.895432314,1.867769716,0,0,3,1,18,14399.99665
138,F,3950.32,6494.39548,0.608266006,1.447594252,0,0,4,2,0,14399.99665
138,G,0,0,NA,#NAME?,0,0,0,0,0,14399.99665
139,A,4.4,9.140962839,0.481349731,0.537226145,0,0,0,0,1,14399.98359
139,B,0,0,NA,#NAME?,0,0,0,0,0,14399.98359
139,C,3280.64,6365.879749,0.515347466,1.051063617,0,0,3,6,10,14399.98359
139,D,0,0,NA,#NAME?,0,0,0,0,0,14399.98359
139,E,0,0,NA,#NAME?,0,0,0,0,0,14399.98359
139,F,0,0,NA,#NAME?,0,0,0,0,0,14399.98359
139,G,0,0,NA,#NAME?,0,0,0,0,0,14399.98359
150,A,6907.12,13979.66685,0.494083305,1.286559096,0,0,9,8,3,14398.81366
150,B,851.84,1452.671988,0.586395282,1.416325255,0,0,1,5,0,14398.81366
150,C,0,0,NA,#NAME?,0,0,0,0,0,14398.81366
150,D,0,0,NA,#NAME?,0,0,0,0,0,14398.81366
150,E,0,0,NA,#NAME?,0,0,0,0,0,14398.81366
150,F,439.12,788.8825479,0.55663546,1.254744835,0,0,0,4,3,14398.81366
150,G,1395.68,2287.152215,0.61022611,1.336027666,0,0,2,2,2,14398.81366
151,A,1614.8,2418.333497,0.667732553,1.596316704,0,0,0,7,7,14399.98606
151,B,5448.08,4765.925254,1.14313165,2.006137203,0,0,1,5,1,14399.98606
151,C,0,0,NA,#NAME?,0,0,0,0,0,14399.98606
151,D,5087.28,10260.13357,0.495829802,1.521375384,0,0,6,19,9,14399.98606
151,E,5821.2,7227.235611,0.805453193,1.760521318,0,0,5,10,6,14399.98606
151,F,0,0,NA,#NAME?,0,0,0,0,0,14399.98606
151,G,16707.68,14364.70071,1.163106725,2.027649698,1,1,1,0,0,14399.98606
152,A,0,0,NA,#NAME?,0,0,0,0,0,11034.93989
152,B,0,0,NA,#NAME?,0,0,0,0,0,11034.93989
152,C,8756.88,10863.13362,0.806109941,1.709245526,1,0,1,2,1,11034.93989
152,D,0,0,NA,#NAME?,0,0,0,0,0,11034.93989
152,E,0,0,NA,#NAME?,0,0,0,0,0,11034.93989
152,F,2.64,8.133368015,0.32458878,0.630477304,0,0,0,0,1,11034.93989
152,G,0,0,NA,#NAME?,0,0,0,0,0,11034.93989
153,A,6105.44,8098.861391,0.753863995,1.939722573,0,1,2,0,0,14399.21934
153,B,7163.2,9120.905646,0.785360608,1.486121974,1,0,0,5,1,14399.21934
153,C,4972.88,11110.99609,0.447563833,1.288965503,0,2,2,2,0,14399.21934
153,D,10246.72,11951.21947,0.857378616,1.745217077,0,1,5,1,2,14399.21934
153,E,0,0,NA,#NAME?,0,0,0,0,0,14399.21934
153,F,0,0,NA,#NAME?,0,0,0,0,0,14399.21934
153,G,0,0,NA,#NAME?,0,0,0,0,0,14399.21934
154,A,5257.12,5551.985956,0.946890003,1.778435193,0,0,5,3,0,14399.99807
154,B,0,0,NA,#NAME?,0,0,0,0,0,14399.99807
154,C,14.96,56.13891315,0.266481824,0.5533697,0,0,0,0,5,14399.99807
154,D,1242.56,1737.311906,0.715219873,1.406359433,0,0,0,5,0,14399.99807
154,E,4025.12,4689.416149,0.858341395,1.611993306,0,0,2,0,0,14399.99807
154,F,2441.12,7715.809612,0.316378983,0.903342408,0,0,4,21,6,14399.99807
154,G,8903.84,11822.73634,0.75311161,1.728071314,0,0,6,8,3,14399.99807
155,A,0,0,NA,#NAME?,0,0,0,0,0,14399.99203
155,B,743.6,2195.060245,0.338760634,1.242020311,0,0,0,10,5,14399.99203
155,C,0,0,NA,#NAME?,0,0,0,0,0,14399.99203
155,D,0,0,NA,#NAME?,0,0,0,0,0,14399.99203
155,E,0,0,NA,#NAME?,0,0,0,0,0,14399.99203
155,F,4702.72,5335.412612,0.881416367,1.584201165,0,0,2,2,1,14399.99203
155,G,881.76,1062.549775,0.829852889,1.342730485,0,0,1,0,6,14399.99203
156,A,0,0,NA,#NAME?,0,0,0,0,0,14399.99239
156,B,2.64,6.739730835,0.391707038,0.390066257,0,0,0,0,1,14399.99239
156,C,14.08,52.16698217,0.269902521,2.302676329,0,0,0,0,4,14399.99239
156,D,396.88,936.1821618,0.423934589,0.731077974,0,0,1,0,1,14399.99239
156,E,6899.2,10168.12435,0.678512552,1.472438272,0,0,7,7,7,14399.99239
156,F,1268.96,4965.641691,0.25554804,1.171718264,0,0,1,14,4,14399.99239
156,G,0,0,NA,#NAME?,0,0,0,0,0,14399.99239
157,A,3993.44,5412.06751,0.737876975,1.482809643,0,0,3,15,7,14399.99125
157,B,0,0,NA,#NAME?,0,0,0,0,0,14399.99125
157,C,10.56,35.8885901,0.294243936,2.399192631,0,0,0,0,3,14399.99125
157,D,0,0,NA,#NAME?,0,0,0,0,0,14399.99125
157,E,570.24,1013.382154,0.562709732,0.935469736,0,0,1,0,0,14399.99125
157,F,0,0,NA,#NAME?,0,0,0,0,0,14399.99125
157,G,937.2,1580.043339,0.593148287,1.219214811,0,0,0,9,12,14399.99125
200,A,2065.36,4073.352851,0.50704176,1.120024664,0,0,2,5,0,14397.97616
200,B,0,0,NA,#NAME?,0,0,0,0,0,14397.97616
200,C,2.64,9.683806896,0.272620058,0.205719473,0,0,0,0,1,14397.97616
200,D,42.24,163.098067,0.258985289,0.741586555,0,0,0,0,10,14397.97616
200,E,0,0,NA,#NAME?,0,0,0,0,0,14397.97616
200,F,489.28,927.6166484,0.52745927,1.588627746,0,0,0,4,8,14397.97616
200,G,0,0,NA,#NAME?,0,0,0,0,0,14397.97616
201,A,4915.68,6775.136035,0.725547055,1.403549124,0,0,1,25,43,14398.78049
201,B,621.28,1541.308284,0.403086136,1.183589234,0,0,1,2,3,14398.78049
201,C,231.44,1300.530665,0.177958126,1.357358471,0,0,0,3,37,14398.78049
201,D,0,0,NA,#NAME?,0,0,0,0,0,14398.78049
201,E,0,0,NA,#NAME?,0,0,0,0,0,14398.78049
201,F,92.4,488.8322215,0.18902191,0.546453521,0,0,0,0,19,14398.78049
201,G,0,0,NA,#NAME?,0,0,0,0,0,14398.78049
202,A,3828.88,9484.485021,0.403699304,1.076606615,0,0,4,14,2,14399.98785
202,B,0,0,NA,#NAME?,0,0,0,0,0,14399.98785
202,C,3419.68,14123.67888,0.242123885,0.429609259,0,1,6,7,2,14399.98785
202,D,0,0,NA,#NAME?,0,0,0,0,0,14399.98785
202,E,7428.96,11811.51272,0.628959235,1.110466193,0,0,4,18,9,14399.98785
202,F,10643.6,13779.94737,0.772397725,1.333444431,1,0,0,0,0,14399.98785
202,G,2917.2,3953.79117,0.73782349,1.433222338,0,0,2,4,0,14399.98785
203,A,1132.56,2081.541657,0.544096726,0.90864874,0,0,2,2,1,14399.98409
203,B,22,87.39967585,0.251717181,0.902418769,0,0,0,0,4,14399.98409
203,C,705.76,5741.420149,0.122924291,0.721516758,0,0,1,33,30,14399.98409
203,D,5822.08,10218.12462,0.569779702,1.378729144,1,0,0,10,19,14399.98409
203,E,13397.12,13296.3347,1.007579931,1.674181467,1,0,2,0,0,14399.98409
203,F,0,0,NA,#NAME?,0,0,0,0,0,14399.98409
203,G,0,0,NA,#NAME?,0,0,0,0,0,14399.98409
204,A,0,0,NA,#NAME?,0,0,0,0,0,14399.99981
204,B,4101.68,9900.909898,0.414273036,0.990639624,0,1,2,7,8,14399.99981
204,C,0,0,NA,#NAME?,0,0,0,0,0,14399.99981
204,D,10.56,16.64029384,0.634604178,2.465605996,0,0,0,0,1,14399.99981
204,E,0,0,NA,#NAME?,0,0,0,0,0,14399.99981
204,F,3519.12,11288.04306,0.31175643,0.594910943,0,1,3,6,6,14399.99981
204,G,0,0,NA,#NAME?,0,0,0,0,0,14399.99981
205,A,0,0,NA,#NAME?,0,0,0,0,0,14399.99494
205,B,0,0,NA,#NAME?,0,0,0,0,0,14399.99494
205,C,29.92,121.6931551,0.24586428,0.660547148,0,0,0,0,6,14399.99494
205,D,6027.12,13306.02026,0.452961884,2.060455981,1,0,1,3,1,14399.99494
205,E,2914.56,3675.35031,0.79300196,1.675938249,0,0,2,9,10,14399.99494
205,F,7547.76,12327.72552,0.612258927,1.170113198,0,1,4,10,7,14399.99494
205,G,0,0,NA,#NAME?,0,0,0,0,0,14399.99494
206,A,80.96,169.0794137,0.478828251,0.855077144,0,0,0,1,7,6679.259135
206,B,0,0,NA,#NAME?,0,0,0,0,0,6679.259135
206,C,0,0,NA,#NAME?,0,0,0,0,0,6679.259135
206,D,0,0,NA,#NAME?,0,0,0,0,0,6679.259135
206,E,0,0,NA,#NAME?,0,0,0,0,0,6679.259135
206,F,0,0,NA,#NAME?,0,0,0,0,0,6679.259135
206,G,0,0,NA,#NAME?,0,0,0,0,0,6679.259135
207,A,0,0,NA,#NAME?,0,0,0,0,0,14399.99614
207,B,41.36,156.9102991,0.263590091,1.159097967,0,0,0,1,6,14399.99614
207,C,9739.84,10844.13478,0.898166631,2.94952666,1,0,0,5,7,14399.99614
207,D,0,0,NA,#NAME?,0,0,0,0,0,14399.99614
207,E,0,0,NA,#NAME?,0,0,0,0,0,14399.99614
207,F,0,0,NA,#NAME?,0,0,0,0,0,14399.99614
207,G,0,0,NA,#NAME?,0,0,0,0,0,14399.99614
208,A,0,0,NA,#NAME?,0,0,0,0,0,14399.98124
208,B,0,0,NA,#NAME?,0,0,0,0,0,14399.98124
208,C,0,0,NA,#NAME?,0,0,0,0,0,14399.98124
208,D,0,0,NA,#NAME?,0,0,0,0,0,14399.98124
208,E,7094.56,9596.841169,0.739259916,1.885571584,0,0,5,9,9,14399.98124
208,F,0,0,NA,#NAME?,0,0,0,0,0,14399.98124
208,G,1625.36,1757.045201,0.925053037,1.620653243,0,0,1,0,8,14399.98124
209,A,2336.4,3442.460996,0.6787005,1.176643631,0,0,1,1,5,14399.20788
209,B,0,0,NA,#NAME?,0,0,0,0,0,14399.20788
209,C,278.96,423.0768971,0.65936004,1.041865145,0,0,0,1,0,14399.20788
209,D,12.32,70.77165604,0.174080991,0.321275063,0,0,0,0,3,14399.20788
209,E,113.52,272.0844119,0.417223461,1.095977982,0,0,0,1,5,14399.20788
209,F,1522.4,1776.845098,0.856799505,2.077886685,0,0,1,0,1,14399.20788
209,G,0,0,NA,#NAME?,0,0,0,0,0,14399.20788
210,A,0,0,NA,#NAME?,0,0,0,0,0,14399.98401
210,B,297.44,1572.983995,0.189092833,1.118706164,0,0,0,7,45,14399.98401
210,C,0,0,NA,#NAME?,0,0,0,0,0,14399.98401
210,D,0,0,NA,#NAME?,0,0,0,0,0,14399.98401
210,E,25.52,106.9201138,0.238682874,0.525377188,0,0,0,0,3,14399.98401
210,F,69.52,120.054646,0.579069635,0.979729672,0,0,0,1,0,14399.98401
210,G,2.64,13.79498196,0.191373936,0.24861145,0,0,0,0,1,14399.98401
211,A,0,0,NA,#NAME?,0,0,0,0,0,14399.98816
211,B,421.52,681.8200951,0.618227599,1.168964388,0,0,1,0,1,14399.98816
211,C,0,0,NA,#NAME?,0,0,0,0,0,14399.98816
211,D,0,0,NA,#NAME?,0,0,0,0,0,14399.98816
211,E,1100.88,3758.549688,0.292900212,0.584646525,0,0,2,9,7,14399.98816
211,F,0,0,NA,#NAME?,0,0,0,0,0,14399.98816
211,G,0,0,NA,#NAME?,0,0,0,0,0,14399.98816
212,A,1738,2292.410563,0.758153896,1.460100866,0,0,1,4,1,14399.97936
212,B,0,0,NA,#NAME?,0,0,0,0,0,14399.97936
212,C,2.64,15.22111392,0.173443285,0.252205509,0,0,0,0,1,14399.97936
212,D,4483.6,9488.164228,0.472546627,0.824543538,1,0,0,0,13,14399.97936
212,E,0,0,NA,#NAME?,0,0,0,0,0,14399.97936
212,F,0,0,NA,#NAME?,0,0,0,0,0,14399.97936
212,G,0,0,NA,#NAME?,0,0,0,0,0,14399.97936
213,A,9706.4,11781.99981,0.823832979,1.35651939,0,1,5,2,0,14399.99076
213,B,1416.8,2472.930144,0.572923584,1.114563208,0,0,1,0,2,14399.99076
213,C,423.28,1188.063644,0.35627721,0.710261772,0,0,1,0,0,14399.99076
213,D,101.2,481.0130355,0.210389309,1.187791203,0,0,0,1,19,14399.99076
213,E,4866.4,7244.143981,0.671770193,1.889364811,0,0,2,20,8,14399.99076
213,F,433.84,2557.963357,0.169603681,0.465007883,0,0,0,13,15,14399.99076
213,G,1994.96,5370.596555,0.371459666,0.870777569,0,0,3,1,1,14399.99076
214,A,1443.2,3238.053344,0.445699884,1.171122304,0,0,0,19,23,14399.99819
214,B,3881.68,4275.756106,0.907834756,2.114519898,0,0,2,11,8,14399.99819
214,C,95.04,130.418185,0.72873273,1.10705193,0,0,0,1,0,14399.99819
214,D,0,0,NA,#NAME?,0,0,0,0,0,14399.99819
214,E,12151.04,14389.84346,0.844417803,1.365467185,1,0,0,0,0,14399.99819
214,F,2251.92,7118.205959,0.316360613,0.733899641,0,1,1,7,40,14399.99819
214,G,0,0,NA,#NAME?,0,0,0,0,0,14399.99819
215,A,13.2,33.1161921,0.398596552,0.500525821,0,0,0,0,1,14399.98889
215,B,0,0,NA,#NAME?,0,0,0,0,0,14399.98889
215,C,5.28,30.56386209,0.172753037,0.355657598,0,0,0,0,1,14399.98889
215,D,293.92,547.1602526,0.537173522,0.96662944,0,0,0,2,7,14399.98889
215,E,2449.04,3936.591766,0.622121913,1.259024439,0,0,2,9,5,14399.98889
215,F,0,0,NA,#NAME?,0,0,0,0,0,14399.98889
215,G,0,0,NA,#NAME?,0,0,0,0,0,14399.98889
216,A,459.36,712.5182743,0.644699254,1.185003196,0,0,0,2,10,14399.98699
216,B,14736.48,13987.82695,1.053521755,1.882232107,1,0,2,4,0,14399.98699
216,C,77.44,250.0714109,0.309671544,2.789250671,0,0,0,0,14,14399.98699
216,D,66.88,80.54055285,0.830389135,1.629928395,0,0,0,0,2,14399.98699
216,E,169.84,377.8690169,0.449467917,0.796848932,0,0,0,3,0,14399.98699
216,F,4172.08,13366.69384,0.312125051,0.883013058,0,0,7,16,12,14399.98699
216,G,0,0,NA,#NAME?,0,0,0,0,0,14399.98699
217,A,393.36,875.9253712,0.449079354,0.913700107,0,0,0,2,0,14399.99642
217,B,0,0,NA,#NAME?,0,0,0,0,0,14399.99642
217,C,0,0,NA,#NAME?,0,0,0,0,0,14399.99642
217,D,0,0,NA,#NAME?,0,0,0,0,0,14399.99642
217,E,2702.48,3091.625957,0.87412903,2.479006299,0,0,1,13,11,14399.99642
217,F,0,0,NA,#NAME?,0,0,0,0,0,14399.99642
217,G,0,0,NA,#NAME?,0,0,0,0,0,14399.99642
220,A,0,0,NA,#NAME?,0,0,0,0,0,14399.99311
220,B,0,0,NA,#NAME?,0,0,0,0,0,14399.99311
220,C,59.84,218.504082,0.273862161,2.20174489,0,0,0,0,10,14399.99311
220,D,5294.96,9479.922124,0.558544673,1.610706684,0,0,4,16,1,14399.99311
220,E,0,0,NA,#NAME?,0,0,0,0,0,14399.99311
220,F,2063.6,9713.535059,0.212445828,0.864914988,0,0,1,40,69,14399.99311
220,G,7205.44,13832.77091,0.520896359,1.24450911,0,0,9,9,1,14399.99311
221,A,2148.08,4004.561892,0.536408241,1.174631664,0,0,1,12,21,14399.99462
221,B,321.2,543.7548051,0.590707424,0.903634557,0,0,0,1,1,14399.99462
221,C,7.92,47.14835072,0.167980425,1.25830936,0,0,0,0,2,14399.99462
221,D,0,0,NA,#NAME?,0,0,0,0,0,14399.99462
221,E,4.4,4.760630131,0.924247396,1.616019054,0,0,0,0,1,14399.99462
221,F,1525.92,3956.330663,0.385690714,1.117353894,0,0,0,14,6,14399.99462
221,G,0,0,NA,#NAME?,0,0,0,0,0,14399.99462
222,A,0,0,NA,#NAME?,0,0,0,0,0,14399.05347
222,B,4577.76,4048.508487,1.13072753,2.232822616,0,0,2,0,1,14399.05347
222,C,1693.12,1830.899753,0.924747517,1.56131889,0,0,1,0,0,14399.05347
222,D,227.92,414.1290431,0.550359855,1.251000709,0,0,0,3,1,14399.05347
222,E,0,0,NA,#NAME?,0,0,0,0,0,14399.05347
222,F,0,0,NA,#NAME?,0,0,0,0,0,14399.05347
222,G,0,0,NA,#NAME?,0,0,0,0,0,14399.05347
37b,A,1459.04,1406.118248,1.037636772,2.255536821,0,0,1,1,8,14399.98255
37b,B,18105.12,14364.08914,1.260443306,2.089944068,1,0,0,2,0,14399.98255
37b,C,872.96,1273.852341,0.685291357,1.983630836,0,0,1,3,13,14399.98255
37b,D,1695.76,4176.947116,0.405980721,1.825915382,0,0,1,17,9,14399.98255
37b,E,16679.52,13814.69262,1.207375398,2.003123559,1,0,0,1,1,14399.98255
37b,F,10156.96,14071.60217,0.721805511,2.099923661,0,1,4,3,0,14399.98255
37b,G,7046.16,9463.713449,0.744544944,1.616821094,0,0,2,32,13,14399.98255
46b,A,721.6,1377.102527,0.523998748,1.236531616,0,0,0,5,17,14399.99504
46b,B,243.76,410.1200068,0.594362616,1.365751138,0,0,0,2,2,14399.99504
46b,C,344.08,817.1741786,0.421060784,0.852986844,0,0,0,5,8,14399.99504
46b,D,90.64,118.2912107,0.766244588,1.925870947,0,0,0,0,7,14399.99504
46b,E,0,0,NA,#NAME?,0,0,0,0,0,14399.99504
46b,F,4686,10586.7458,0.442628933,1.128930171,1,0,1,2,10,14399.99504
46b,G,5908.32,13147.49883,0.449387376,0.949010265,1,0,3,1,0,14399.99504
6b,A,278.96,783.879523,0.355871013,1.406779672,0,0,0,4,14,10005.31306
6b,B,1483.68,2387.47454,0.621443276,1.317560459,0,0,1,6,5,10005.31306
6b,C,0,0,NA,#NAME?,0,0,0,0,0,10005.31306
6b,D,0,0,NA,#NAME?,0,0,0,0,0,10005.31306
6b,E,1682.56,4136.346224,0.40677446,2.143409455,0,0,0,19,55,10005.31306
6b,F,3283.28,6952.035049,0.4722761,1.598479867,0,0,3,17,16,10005.31306
6b,G,0,0,NA,#NAME?,0,0,0,0,0,10005.31306
